ParameterName, q0_min, q0_max, q3_min, q3_max
q0q3_1, 0, .20000000000000000000, 0, .20000000000000000000
q0q3_2, 0, .20000000000000000000, .20000000000000000000, .40000000000000000000
q0q3_3, 0, .20000000000000000000, .40000000000000000000, .60000000000000000000
q0q3_4, 0, .20000000000000000000, .60000000000000000000, .80000000000000000000
q0q3_5, 0, .20000000000000000000, .80000000000000000000, 1.00000000000000000000
q0q3_6, 0, .20000000000000000000, 1.00000000000000000000, 1.20000000000000000000
q0q3_7, 0, .20000000000000000000, 1.20000000000000000000, 1.40000000000000000000
q0q3_8, 0, .20000000000000000000, 1.40000000000000000000, 1.60000000000000000000
q0q3_9, 0, .20000000000000000000, 1.60000000000000000000, 1.80000000000000000000
q0q3_10, 0, .20000000000000000000, 1.80000000000000000000, 2.00000000000000000000
q0q3_11, 0, .20000000000000000000, 2.00000000000000000000, 2.20000000000000000000
q0q3_12, 0, .20000000000000000000, 2.20000000000000000000, 2.40000000000000000000
q0q3_13, 0, .20000000000000000000, 2.40000000000000000000, 2.60000000000000000000
q0q3_14, 0, .20000000000000000000, 2.60000000000000000000, 2.80000000000000000000
q0q3_15, 0, .20000000000000000000, 2.80000000000000000000, 3.00000000000000000000
q0q3_16, 0, .20000000000000000000, 3.00000000000000000000, 3.20000000000000000000
q0q3_17, 0, .20000000000000000000, 3.20000000000000000000, 3.40000000000000000000
q0q3_18, 0, .20000000000000000000, 3.40000000000000000000, 3.60000000000000000000
q0q3_19, 0, .20000000000000000000, 3.60000000000000000000, 3.80000000000000000000
q0q3_20, 0, .20000000000000000000, 3.80000000000000000000, 4.00000000000000000000
q0q3_21, 0, .20000000000000000000, 4.00000000000000000000, 4.20000000000000000000
q0q3_22, 0, .20000000000000000000, 4.20000000000000000000, 4.40000000000000000000
q0q3_23, 0, .20000000000000000000, 4.40000000000000000000, 4.60000000000000000000
q0q3_24, 0, .20000000000000000000, 4.60000000000000000000, 4.80000000000000000000
q0q3_25, 0, .20000000000000000000, 4.80000000000000000000, 5.00000000000000000000
q0q3_26, .20000000000000000000, .40000000000000000000, .20000000000000000000, .40000000000000000000
q0q3_27, .20000000000000000000, .40000000000000000000, .40000000000000000000, .60000000000000000000
q0q3_28, .20000000000000000000, .40000000000000000000, .60000000000000000000, .80000000000000000000
q0q3_29, .20000000000000000000, .40000000000000000000, .80000000000000000000, 1.00000000000000000000
q0q3_30, .20000000000000000000, .40000000000000000000, 1.00000000000000000000, 1.20000000000000000000
q0q3_31, .20000000000000000000, .40000000000000000000, 1.20000000000000000000, 1.40000000000000000000
q0q3_32, .20000000000000000000, .40000000000000000000, 1.40000000000000000000, 1.60000000000000000000
q0q3_33, .20000000000000000000, .40000000000000000000, 1.60000000000000000000, 1.80000000000000000000
q0q3_34, .20000000000000000000, .40000000000000000000, 1.80000000000000000000, 2.00000000000000000000
q0q3_35, .20000000000000000000, .40000000000000000000, 2.00000000000000000000, 2.20000000000000000000
q0q3_36, .20000000000000000000, .40000000000000000000, 2.20000000000000000000, 2.40000000000000000000
q0q3_37, .20000000000000000000, .40000000000000000000, 2.40000000000000000000, 2.60000000000000000000
q0q3_38, .20000000000000000000, .40000000000000000000, 2.60000000000000000000, 2.80000000000000000000
q0q3_39, .20000000000000000000, .40000000000000000000, 2.80000000000000000000, 3.00000000000000000000
q0q3_40, .20000000000000000000, .40000000000000000000, 3.00000000000000000000, 3.20000000000000000000
q0q3_41, .20000000000000000000, .40000000000000000000, 3.20000000000000000000, 3.40000000000000000000
q0q3_42, .20000000000000000000, .40000000000000000000, 3.40000000000000000000, 3.60000000000000000000
q0q3_43, .20000000000000000000, .40000000000000000000, 3.60000000000000000000, 3.80000000000000000000
q0q3_44, .20000000000000000000, .40000000000000000000, 3.80000000000000000000, 4.00000000000000000000
q0q3_45, .20000000000000000000, .40000000000000000000, 4.00000000000000000000, 4.20000000000000000000
q0q3_46, .20000000000000000000, .40000000000000000000, 4.20000000000000000000, 4.40000000000000000000
q0q3_47, .20000000000000000000, .40000000000000000000, 4.40000000000000000000, 4.60000000000000000000
q0q3_48, .20000000000000000000, .40000000000000000000, 4.60000000000000000000, 4.80000000000000000000
q0q3_49, .20000000000000000000, .40000000000000000000, 4.80000000000000000000, 5.00000000000000000000
q0q3_50, .40000000000000000000, .60000000000000000000, .40000000000000000000, .60000000000000000000
q0q3_51, .40000000000000000000, .60000000000000000000, .60000000000000000000, .80000000000000000000
q0q3_52, .40000000000000000000, .60000000000000000000, .80000000000000000000, 1.00000000000000000000
q0q3_53, .40000000000000000000, .60000000000000000000, 1.00000000000000000000, 1.20000000000000000000
q0q3_54, .40000000000000000000, .60000000000000000000, 1.20000000000000000000, 1.40000000000000000000
q0q3_55, .40000000000000000000, .60000000000000000000, 1.40000000000000000000, 1.60000000000000000000
q0q3_56, .40000000000000000000, .60000000000000000000, 1.60000000000000000000, 1.80000000000000000000
q0q3_57, .40000000000000000000, .60000000000000000000, 1.80000000000000000000, 2.00000000000000000000
q0q3_58, .40000000000000000000, .60000000000000000000, 2.00000000000000000000, 2.20000000000000000000
q0q3_59, .40000000000000000000, .60000000000000000000, 2.20000000000000000000, 2.40000000000000000000
q0q3_60, .40000000000000000000, .60000000000000000000, 2.40000000000000000000, 2.60000000000000000000
q0q3_61, .40000000000000000000, .60000000000000000000, 2.60000000000000000000, 2.80000000000000000000
q0q3_62, .40000000000000000000, .60000000000000000000, 2.80000000000000000000, 3.00000000000000000000
q0q3_63, .40000000000000000000, .60000000000000000000, 3.00000000000000000000, 3.20000000000000000000
q0q3_64, .40000000000000000000, .60000000000000000000, 3.20000000000000000000, 3.40000000000000000000
q0q3_65, .40000000000000000000, .60000000000000000000, 3.40000000000000000000, 3.60000000000000000000
q0q3_66, .40000000000000000000, .60000000000000000000, 3.60000000000000000000, 3.80000000000000000000
q0q3_67, .40000000000000000000, .60000000000000000000, 3.80000000000000000000, 4.00000000000000000000
q0q3_68, .40000000000000000000, .60000000000000000000, 4.00000000000000000000, 4.20000000000000000000
q0q3_69, .40000000000000000000, .60000000000000000000, 4.20000000000000000000, 4.40000000000000000000
q0q3_70, .40000000000000000000, .60000000000000000000, 4.40000000000000000000, 4.60000000000000000000
q0q3_71, .40000000000000000000, .60000000000000000000, 4.60000000000000000000, 4.80000000000000000000
q0q3_72, .40000000000000000000, .60000000000000000000, 4.80000000000000000000, 5.00000000000000000000
q0q3_73, .60000000000000000000, .80000000000000000000, .60000000000000000000, .80000000000000000000
q0q3_74, .60000000000000000000, .80000000000000000000, .80000000000000000000, 1.00000000000000000000
q0q3_75, .60000000000000000000, .80000000000000000000, 1.00000000000000000000, 1.20000000000000000000
q0q3_76, .60000000000000000000, .80000000000000000000, 1.20000000000000000000, 1.40000000000000000000
q0q3_77, .60000000000000000000, .80000000000000000000, 1.40000000000000000000, 1.60000000000000000000
q0q3_78, .60000000000000000000, .80000000000000000000, 1.60000000000000000000, 1.80000000000000000000
q0q3_79, .60000000000000000000, .80000000000000000000, 1.80000000000000000000, 2.00000000000000000000
q0q3_80, .60000000000000000000, .80000000000000000000, 2.00000000000000000000, 2.20000000000000000000
q0q3_81, .60000000000000000000, .80000000000000000000, 2.20000000000000000000, 2.40000000000000000000
q0q3_82, .60000000000000000000, .80000000000000000000, 2.40000000000000000000, 2.60000000000000000000
q0q3_83, .60000000000000000000, .80000000000000000000, 2.60000000000000000000, 2.80000000000000000000
q0q3_84, .60000000000000000000, .80000000000000000000, 2.80000000000000000000, 3.00000000000000000000
q0q3_85, .60000000000000000000, .80000000000000000000, 3.00000000000000000000, 3.20000000000000000000
q0q3_86, .60000000000000000000, .80000000000000000000, 3.20000000000000000000, 3.40000000000000000000
q0q3_87, .60000000000000000000, .80000000000000000000, 3.40000000000000000000, 3.60000000000000000000
q0q3_88, .60000000000000000000, .80000000000000000000, 3.60000000000000000000, 3.80000000000000000000
q0q3_89, .60000000000000000000, .80000000000000000000, 3.80000000000000000000, 4.00000000000000000000
q0q3_90, .60000000000000000000, .80000000000000000000, 4.00000000000000000000, 4.20000000000000000000
q0q3_91, .60000000000000000000, .80000000000000000000, 4.20000000000000000000, 4.40000000000000000000
q0q3_92, .60000000000000000000, .80000000000000000000, 4.40000000000000000000, 4.60000000000000000000
q0q3_93, .60000000000000000000, .80000000000000000000, 4.60000000000000000000, 4.80000000000000000000
q0q3_94, .60000000000000000000, .80000000000000000000, 4.80000000000000000000, 5.00000000000000000000
q0q3_95, .80000000000000000000, 1.00000000000000000000, .80000000000000000000, 1.00000000000000000000
q0q3_96, .80000000000000000000, 1.00000000000000000000, 1.00000000000000000000, 1.20000000000000000000
q0q3_97, .80000000000000000000, 1.00000000000000000000, 1.20000000000000000000, 1.40000000000000000000
q0q3_98, .80000000000000000000, 1.00000000000000000000, 1.40000000000000000000, 1.60000000000000000000
q0q3_99, .80000000000000000000, 1.00000000000000000000, 1.60000000000000000000, 1.80000000000000000000
q0q3_100, .80000000000000000000, 1.00000000000000000000, 1.80000000000000000000, 2.00000000000000000000
q0q3_101, .80000000000000000000, 1.00000000000000000000, 2.00000000000000000000, 2.20000000000000000000
q0q3_102, .80000000000000000000, 1.00000000000000000000, 2.20000000000000000000, 2.40000000000000000000
q0q3_103, .80000000000000000000, 1.00000000000000000000, 2.40000000000000000000, 2.60000000000000000000
q0q3_104, .80000000000000000000, 1.00000000000000000000, 2.60000000000000000000, 2.80000000000000000000
q0q3_105, .80000000000000000000, 1.00000000000000000000, 2.80000000000000000000, 3.00000000000000000000
q0q3_106, .80000000000000000000, 1.00000000000000000000, 3.00000000000000000000, 3.20000000000000000000
q0q3_107, .80000000000000000000, 1.00000000000000000000, 3.20000000000000000000, 3.40000000000000000000
q0q3_108, .80000000000000000000, 1.00000000000000000000, 3.40000000000000000000, 3.60000000000000000000
q0q3_109, .80000000000000000000, 1.00000000000000000000, 3.60000000000000000000, 3.80000000000000000000
q0q3_110, .80000000000000000000, 1.00000000000000000000, 3.80000000000000000000, 4.00000000000000000000
q0q3_111, .80000000000000000000, 1.00000000000000000000, 4.00000000000000000000, 4.20000000000000000000
q0q3_112, .80000000000000000000, 1.00000000000000000000, 4.20000000000000000000, 4.40000000000000000000
q0q3_113, .80000000000000000000, 1.00000000000000000000, 4.40000000000000000000, 4.60000000000000000000
q0q3_114, .80000000000000000000, 1.00000000000000000000, 4.60000000000000000000, 4.80000000000000000000
q0q3_115, .80000000000000000000, 1.00000000000000000000, 4.80000000000000000000, 5.00000000000000000000
q0q3_116, 1.00000000000000000000, 1.20000000000000000000, 1.00000000000000000000, 1.20000000000000000000
q0q3_117, 1.00000000000000000000, 1.20000000000000000000, 1.20000000000000000000, 1.40000000000000000000
q0q3_118, 1.00000000000000000000, 1.20000000000000000000, 1.40000000000000000000, 1.60000000000000000000
q0q3_119, 1.00000000000000000000, 1.20000000000000000000, 1.60000000000000000000, 1.80000000000000000000
q0q3_120, 1.00000000000000000000, 1.20000000000000000000, 1.80000000000000000000, 2.00000000000000000000
q0q3_121, 1.00000000000000000000, 1.20000000000000000000, 2.00000000000000000000, 2.20000000000000000000
q0q3_122, 1.00000000000000000000, 1.20000000000000000000, 2.20000000000000000000, 2.40000000000000000000
q0q3_123, 1.00000000000000000000, 1.20000000000000000000, 2.40000000000000000000, 2.60000000000000000000
q0q3_124, 1.00000000000000000000, 1.20000000000000000000, 2.60000000000000000000, 2.80000000000000000000
q0q3_125, 1.00000000000000000000, 1.20000000000000000000, 2.80000000000000000000, 3.00000000000000000000
q0q3_126, 1.00000000000000000000, 1.20000000000000000000, 3.00000000000000000000, 3.20000000000000000000
q0q3_127, 1.00000000000000000000, 1.20000000000000000000, 3.20000000000000000000, 3.40000000000000000000
q0q3_128, 1.00000000000000000000, 1.20000000000000000000, 3.40000000000000000000, 3.60000000000000000000
q0q3_129, 1.00000000000000000000, 1.20000000000000000000, 3.60000000000000000000, 3.80000000000000000000
q0q3_130, 1.00000000000000000000, 1.20000000000000000000, 3.80000000000000000000, 4.00000000000000000000
q0q3_131, 1.00000000000000000000, 1.20000000000000000000, 4.00000000000000000000, 4.20000000000000000000
q0q3_132, 1.00000000000000000000, 1.20000000000000000000, 4.20000000000000000000, 4.40000000000000000000
q0q3_133, 1.00000000000000000000, 1.20000000000000000000, 4.40000000000000000000, 4.60000000000000000000
q0q3_134, 1.00000000000000000000, 1.20000000000000000000, 4.60000000000000000000, 4.80000000000000000000
q0q3_135, 1.00000000000000000000, 1.20000000000000000000, 4.80000000000000000000, 5.00000000000000000000
q0q3_136, 1.20000000000000000000, 1.40000000000000000000, 1.20000000000000000000, 1.40000000000000000000
q0q3_137, 1.20000000000000000000, 1.40000000000000000000, 1.40000000000000000000, 1.60000000000000000000
q0q3_138, 1.20000000000000000000, 1.40000000000000000000, 1.60000000000000000000, 1.80000000000000000000
q0q3_139, 1.20000000000000000000, 1.40000000000000000000, 1.80000000000000000000, 2.00000000000000000000
q0q3_140, 1.20000000000000000000, 1.40000000000000000000, 2.00000000000000000000, 2.20000000000000000000
q0q3_141, 1.20000000000000000000, 1.40000000000000000000, 2.20000000000000000000, 2.40000000000000000000
q0q3_142, 1.20000000000000000000, 1.40000000000000000000, 2.40000000000000000000, 2.60000000000000000000
q0q3_143, 1.20000000000000000000, 1.40000000000000000000, 2.60000000000000000000, 2.80000000000000000000
q0q3_144, 1.20000000000000000000, 1.40000000000000000000, 2.80000000000000000000, 3.00000000000000000000
q0q3_145, 1.20000000000000000000, 1.40000000000000000000, 3.00000000000000000000, 3.20000000000000000000
q0q3_146, 1.20000000000000000000, 1.40000000000000000000, 3.20000000000000000000, 3.40000000000000000000
q0q3_147, 1.20000000000000000000, 1.40000000000000000000, 3.40000000000000000000, 3.60000000000000000000
q0q3_148, 1.20000000000000000000, 1.40000000000000000000, 3.60000000000000000000, 3.80000000000000000000
q0q3_149, 1.20000000000000000000, 1.40000000000000000000, 3.80000000000000000000, 4.00000000000000000000
q0q3_150, 1.20000000000000000000, 1.40000000000000000000, 4.00000000000000000000, 4.20000000000000000000
q0q3_151, 1.20000000000000000000, 1.40000000000000000000, 4.20000000000000000000, 4.40000000000000000000
q0q3_152, 1.20000000000000000000, 1.40000000000000000000, 4.40000000000000000000, 4.60000000000000000000
q0q3_153, 1.20000000000000000000, 1.40000000000000000000, 4.60000000000000000000, 4.80000000000000000000
q0q3_154, 1.20000000000000000000, 1.40000000000000000000, 4.80000000000000000000, 5.00000000000000000000
q0q3_155, 1.40000000000000000000, 1.60000000000000000000, 1.40000000000000000000, 1.60000000000000000000
q0q3_156, 1.40000000000000000000, 1.60000000000000000000, 1.60000000000000000000, 1.80000000000000000000
q0q3_157, 1.40000000000000000000, 1.60000000000000000000, 1.80000000000000000000, 2.00000000000000000000
q0q3_158, 1.40000000000000000000, 1.60000000000000000000, 2.00000000000000000000, 2.20000000000000000000
q0q3_159, 1.40000000000000000000, 1.60000000000000000000, 2.20000000000000000000, 2.40000000000000000000
q0q3_160, 1.40000000000000000000, 1.60000000000000000000, 2.40000000000000000000, 2.60000000000000000000
q0q3_161, 1.40000000000000000000, 1.60000000000000000000, 2.60000000000000000000, 2.80000000000000000000
q0q3_162, 1.40000000000000000000, 1.60000000000000000000, 2.80000000000000000000, 3.00000000000000000000
q0q3_163, 1.40000000000000000000, 1.60000000000000000000, 3.00000000000000000000, 3.20000000000000000000
q0q3_164, 1.40000000000000000000, 1.60000000000000000000, 3.20000000000000000000, 3.40000000000000000000
q0q3_165, 1.40000000000000000000, 1.60000000000000000000, 3.40000000000000000000, 3.60000000000000000000
q0q3_166, 1.40000000000000000000, 1.60000000000000000000, 3.60000000000000000000, 3.80000000000000000000
q0q3_167, 1.40000000000000000000, 1.60000000000000000000, 3.80000000000000000000, 4.00000000000000000000
q0q3_168, 1.40000000000000000000, 1.60000000000000000000, 4.00000000000000000000, 4.20000000000000000000
q0q3_169, 1.40000000000000000000, 1.60000000000000000000, 4.20000000000000000000, 4.40000000000000000000
q0q3_170, 1.40000000000000000000, 1.60000000000000000000, 4.40000000000000000000, 4.60000000000000000000
q0q3_171, 1.40000000000000000000, 1.60000000000000000000, 4.60000000000000000000, 4.80000000000000000000
q0q3_172, 1.40000000000000000000, 1.60000000000000000000, 4.80000000000000000000, 5.00000000000000000000
q0q3_173, 1.60000000000000000000, 1.80000000000000000000, 1.60000000000000000000, 1.80000000000000000000
q0q3_174, 1.60000000000000000000, 1.80000000000000000000, 1.80000000000000000000, 2.00000000000000000000
q0q3_175, 1.60000000000000000000, 1.80000000000000000000, 2.00000000000000000000, 2.20000000000000000000
q0q3_176, 1.60000000000000000000, 1.80000000000000000000, 2.20000000000000000000, 2.40000000000000000000
q0q3_177, 1.60000000000000000000, 1.80000000000000000000, 2.40000000000000000000, 2.60000000000000000000
q0q3_178, 1.60000000000000000000, 1.80000000000000000000, 2.60000000000000000000, 2.80000000000000000000
q0q3_179, 1.60000000000000000000, 1.80000000000000000000, 2.80000000000000000000, 3.00000000000000000000
q0q3_180, 1.60000000000000000000, 1.80000000000000000000, 3.00000000000000000000, 3.20000000000000000000
q0q3_181, 1.60000000000000000000, 1.80000000000000000000, 3.20000000000000000000, 3.40000000000000000000
q0q3_182, 1.60000000000000000000, 1.80000000000000000000, 3.40000000000000000000, 3.60000000000000000000
q0q3_183, 1.60000000000000000000, 1.80000000000000000000, 3.60000000000000000000, 3.80000000000000000000
q0q3_184, 1.60000000000000000000, 1.80000000000000000000, 3.80000000000000000000, 4.00000000000000000000
q0q3_185, 1.60000000000000000000, 1.80000000000000000000, 4.00000000000000000000, 4.20000000000000000000
q0q3_186, 1.60000000000000000000, 1.80000000000000000000, 4.20000000000000000000, 4.40000000000000000000
q0q3_187, 1.60000000000000000000, 1.80000000000000000000, 4.40000000000000000000, 4.60000000000000000000
q0q3_188, 1.60000000000000000000, 1.80000000000000000000, 4.60000000000000000000, 4.80000000000000000000
q0q3_189, 1.60000000000000000000, 1.80000000000000000000, 4.80000000000000000000, 5.00000000000000000000
q0q3_190, 1.80000000000000000000, 2.00000000000000000000, 1.80000000000000000000, 2.00000000000000000000
q0q3_191, 1.80000000000000000000, 2.00000000000000000000, 2.00000000000000000000, 2.20000000000000000000
q0q3_192, 1.80000000000000000000, 2.00000000000000000000, 2.20000000000000000000, 2.40000000000000000000
q0q3_193, 1.80000000000000000000, 2.00000000000000000000, 2.40000000000000000000, 2.60000000000000000000
q0q3_194, 1.80000000000000000000, 2.00000000000000000000, 2.60000000000000000000, 2.80000000000000000000
q0q3_195, 1.80000000000000000000, 2.00000000000000000000, 2.80000000000000000000, 3.00000000000000000000
q0q3_196, 1.80000000000000000000, 2.00000000000000000000, 3.00000000000000000000, 3.20000000000000000000
q0q3_197, 1.80000000000000000000, 2.00000000000000000000, 3.20000000000000000000, 3.40000000000000000000
q0q3_198, 1.80000000000000000000, 2.00000000000000000000, 3.40000000000000000000, 3.60000000000000000000
q0q3_199, 1.80000000000000000000, 2.00000000000000000000, 3.60000000000000000000, 3.80000000000000000000
q0q3_200, 1.80000000000000000000, 2.00000000000000000000, 3.80000000000000000000, 4.00000000000000000000
q0q3_201, 1.80000000000000000000, 2.00000000000000000000, 4.00000000000000000000, 4.20000000000000000000
q0q3_202, 1.80000000000000000000, 2.00000000000000000000, 4.20000000000000000000, 4.40000000000000000000
q0q3_203, 1.80000000000000000000, 2.00000000000000000000, 4.40000000000000000000, 4.60000000000000000000
q0q3_204, 1.80000000000000000000, 2.00000000000000000000, 4.60000000000000000000, 4.80000000000000000000
q0q3_205, 1.80000000000000000000, 2.00000000000000000000, 4.80000000000000000000, 5.00000000000000000000
q0q3_206, 2.00000000000000000000, 2.20000000000000000000, 2.00000000000000000000, 2.20000000000000000000
q0q3_207, 2.00000000000000000000, 2.20000000000000000000, 2.20000000000000000000, 2.40000000000000000000
q0q3_208, 2.00000000000000000000, 2.20000000000000000000, 2.40000000000000000000, 2.60000000000000000000
q0q3_209, 2.00000000000000000000, 2.20000000000000000000, 2.60000000000000000000, 2.80000000000000000000
q0q3_210, 2.00000000000000000000, 2.20000000000000000000, 2.80000000000000000000, 3.00000000000000000000
q0q3_211, 2.00000000000000000000, 2.20000000000000000000, 3.00000000000000000000, 3.20000000000000000000
q0q3_212, 2.00000000000000000000, 2.20000000000000000000, 3.20000000000000000000, 3.40000000000000000000
q0q3_213, 2.00000000000000000000, 2.20000000000000000000, 3.40000000000000000000, 3.60000000000000000000
q0q3_214, 2.00000000000000000000, 2.20000000000000000000, 3.60000000000000000000, 3.80000000000000000000
q0q3_215, 2.00000000000000000000, 2.20000000000000000000, 3.80000000000000000000, 4.00000000000000000000
q0q3_216, 2.00000000000000000000, 2.20000000000000000000, 4.00000000000000000000, 4.20000000000000000000
q0q3_217, 2.00000000000000000000, 2.20000000000000000000, 4.20000000000000000000, 4.40000000000000000000
q0q3_218, 2.00000000000000000000, 2.20000000000000000000, 4.40000000000000000000, 4.60000000000000000000
q0q3_219, 2.00000000000000000000, 2.20000000000000000000, 4.60000000000000000000, 4.80000000000000000000
q0q3_220, 2.00000000000000000000, 2.20000000000000000000, 4.80000000000000000000, 5.00000000000000000000
q0q3_221, 2.20000000000000000000, 2.40000000000000000000, 2.20000000000000000000, 2.40000000000000000000
q0q3_222, 2.20000000000000000000, 2.40000000000000000000, 2.40000000000000000000, 2.60000000000000000000
q0q3_223, 2.20000000000000000000, 2.40000000000000000000, 2.60000000000000000000, 2.80000000000000000000
q0q3_224, 2.20000000000000000000, 2.40000000000000000000, 2.80000000000000000000, 3.00000000000000000000
q0q3_225, 2.20000000000000000000, 2.40000000000000000000, 3.00000000000000000000, 3.20000000000000000000
q0q3_226, 2.20000000000000000000, 2.40000000000000000000, 3.20000000000000000000, 3.40000000000000000000
q0q3_227, 2.20000000000000000000, 2.40000000000000000000, 3.40000000000000000000, 3.60000000000000000000
q0q3_228, 2.20000000000000000000, 2.40000000000000000000, 3.60000000000000000000, 3.80000000000000000000
q0q3_229, 2.20000000000000000000, 2.40000000000000000000, 3.80000000000000000000, 4.00000000000000000000
q0q3_230, 2.20000000000000000000, 2.40000000000000000000, 4.00000000000000000000, 4.20000000000000000000
q0q3_231, 2.20000000000000000000, 2.40000000000000000000, 4.20000000000000000000, 4.40000000000000000000
q0q3_232, 2.20000000000000000000, 2.40000000000000000000, 4.40000000000000000000, 4.60000000000000000000
q0q3_233, 2.20000000000000000000, 2.40000000000000000000, 4.60000000000000000000, 4.80000000000000000000
q0q3_234, 2.20000000000000000000, 2.40000000000000000000, 4.80000000000000000000, 5.00000000000000000000
q0q3_235, 2.40000000000000000000, 2.60000000000000000000, 2.40000000000000000000, 2.60000000000000000000
q0q3_236, 2.40000000000000000000, 2.60000000000000000000, 2.60000000000000000000, 2.80000000000000000000
q0q3_237, 2.40000000000000000000, 2.60000000000000000000, 2.80000000000000000000, 3.00000000000000000000
q0q3_238, 2.40000000000000000000, 2.60000000000000000000, 3.00000000000000000000, 3.20000000000000000000
q0q3_239, 2.40000000000000000000, 2.60000000000000000000, 3.20000000000000000000, 3.40000000000000000000
q0q3_240, 2.40000000000000000000, 2.60000000000000000000, 3.40000000000000000000, 3.60000000000000000000
q0q3_241, 2.40000000000000000000, 2.60000000000000000000, 3.60000000000000000000, 3.80000000000000000000
q0q3_242, 2.40000000000000000000, 2.60000000000000000000, 3.80000000000000000000, 4.00000000000000000000
q0q3_243, 2.40000000000000000000, 2.60000000000000000000, 4.00000000000000000000, 4.20000000000000000000
q0q3_244, 2.40000000000000000000, 2.60000000000000000000, 4.20000000000000000000, 4.40000000000000000000
q0q3_245, 2.40000000000000000000, 2.60000000000000000000, 4.40000000000000000000, 4.60000000000000000000
q0q3_246, 2.40000000000000000000, 2.60000000000000000000, 4.60000000000000000000, 4.80000000000000000000
q0q3_247, 2.40000000000000000000, 2.60000000000000000000, 4.80000000000000000000, 5.00000000000000000000
q0q3_248, 2.60000000000000000000, 2.80000000000000000000, 2.60000000000000000000, 2.80000000000000000000
q0q3_249, 2.60000000000000000000, 2.80000000000000000000, 2.80000000000000000000, 3.00000000000000000000
q0q3_250, 2.60000000000000000000, 2.80000000000000000000, 3.00000000000000000000, 3.20000000000000000000
q0q3_251, 2.60000000000000000000, 2.80000000000000000000, 3.20000000000000000000, 3.40000000000000000000
q0q3_252, 2.60000000000000000000, 2.80000000000000000000, 3.40000000000000000000, 3.60000000000000000000
q0q3_253, 2.60000000000000000000, 2.80000000000000000000, 3.60000000000000000000, 3.80000000000000000000
q0q3_254, 2.60000000000000000000, 2.80000000000000000000, 3.80000000000000000000, 4.00000000000000000000
q0q3_255, 2.60000000000000000000, 2.80000000000000000000, 4.00000000000000000000, 4.20000000000000000000
q0q3_256, 2.60000000000000000000, 2.80000000000000000000, 4.20000000000000000000, 4.40000000000000000000
q0q3_257, 2.60000000000000000000, 2.80000000000000000000, 4.40000000000000000000, 4.60000000000000000000
q0q3_258, 2.60000000000000000000, 2.80000000000000000000, 4.60000000000000000000, 4.80000000000000000000
q0q3_259, 2.60000000000000000000, 2.80000000000000000000, 4.80000000000000000000, 5.00000000000000000000
q0q3_260, 2.80000000000000000000, 3.00000000000000000000, 2.80000000000000000000, 3.00000000000000000000
q0q3_261, 2.80000000000000000000, 3.00000000000000000000, 3.00000000000000000000, 3.20000000000000000000
q0q3_262, 2.80000000000000000000, 3.00000000000000000000, 3.20000000000000000000, 3.40000000000000000000
q0q3_263, 2.80000000000000000000, 3.00000000000000000000, 3.40000000000000000000, 3.60000000000000000000
q0q3_264, 2.80000000000000000000, 3.00000000000000000000, 3.60000000000000000000, 3.80000000000000000000
q0q3_265, 2.80000000000000000000, 3.00000000000000000000, 3.80000000000000000000, 4.00000000000000000000
q0q3_266, 2.80000000000000000000, 3.00000000000000000000, 4.00000000000000000000, 4.20000000000000000000
q0q3_267, 2.80000000000000000000, 3.00000000000000000000, 4.20000000000000000000, 4.40000000000000000000
q0q3_268, 2.80000000000000000000, 3.00000000000000000000, 4.40000000000000000000, 4.60000000000000000000
q0q3_269, 2.80000000000000000000, 3.00000000000000000000, 4.60000000000000000000, 4.80000000000000000000
q0q3_270, 2.80000000000000000000, 3.00000000000000000000, 4.80000000000000000000, 5.00000000000000000000
q0q3_271, 3.00000000000000000000, 3.20000000000000000000, 3.00000000000000000000, 3.20000000000000000000
q0q3_272, 3.00000000000000000000, 3.20000000000000000000, 3.20000000000000000000, 3.40000000000000000000
q0q3_273, 3.00000000000000000000, 3.20000000000000000000, 3.40000000000000000000, 3.60000000000000000000
q0q3_274, 3.00000000000000000000, 3.20000000000000000000, 3.60000000000000000000, 3.80000000000000000000
q0q3_275, 3.00000000000000000000, 3.20000000000000000000, 3.80000000000000000000, 4.00000000000000000000
q0q3_276, 3.00000000000000000000, 3.20000000000000000000, 4.00000000000000000000, 4.20000000000000000000
q0q3_277, 3.00000000000000000000, 3.20000000000000000000, 4.20000000000000000000, 4.40000000000000000000
q0q3_278, 3.00000000000000000000, 3.20000000000000000000, 4.40000000000000000000, 4.60000000000000000000
q0q3_279, 3.00000000000000000000, 3.20000000000000000000, 4.60000000000000000000, 4.80000000000000000000
q0q3_280, 3.00000000000000000000, 3.20000000000000000000, 4.80000000000000000000, 5.00000000000000000000
q0q3_281, 3.20000000000000000000, 3.40000000000000000000, 3.20000000000000000000, 3.40000000000000000000
q0q3_282, 3.20000000000000000000, 3.40000000000000000000, 3.40000000000000000000, 3.60000000000000000000
q0q3_283, 3.20000000000000000000, 3.40000000000000000000, 3.60000000000000000000, 3.80000000000000000000
q0q3_284, 3.20000000000000000000, 3.40000000000000000000, 3.80000000000000000000, 4.00000000000000000000
q0q3_285, 3.20000000000000000000, 3.40000000000000000000, 4.00000000000000000000, 4.20000000000000000000
q0q3_286, 3.20000000000000000000, 3.40000000000000000000, 4.20000000000000000000, 4.40000000000000000000
q0q3_287, 3.20000000000000000000, 3.40000000000000000000, 4.40000000000000000000, 4.60000000000000000000
q0q3_288, 3.20000000000000000000, 3.40000000000000000000, 4.60000000000000000000, 4.80000000000000000000
q0q3_289, 3.20000000000000000000, 3.40000000000000000000, 4.80000000000000000000, 5.00000000000000000000
q0q3_290, 3.40000000000000000000, 3.60000000000000000000, 3.40000000000000000000, 3.60000000000000000000
q0q3_291, 3.40000000000000000000, 3.60000000000000000000, 3.60000000000000000000, 3.80000000000000000000
q0q3_292, 3.40000000000000000000, 3.60000000000000000000, 3.80000000000000000000, 4.00000000000000000000
q0q3_293, 3.40000000000000000000, 3.60000000000000000000, 4.00000000000000000000, 4.20000000000000000000
q0q3_294, 3.40000000000000000000, 3.60000000000000000000, 4.20000000000000000000, 4.40000000000000000000
q0q3_295, 3.40000000000000000000, 3.60000000000000000000, 4.40000000000000000000, 4.60000000000000000000
q0q3_296, 3.40000000000000000000, 3.60000000000000000000, 4.60000000000000000000, 4.80000000000000000000
q0q3_297, 3.40000000000000000000, 3.60000000000000000000, 4.80000000000000000000, 5.00000000000000000000
q0q3_298, 3.60000000000000000000, 3.80000000000000000000, 3.60000000000000000000, 3.80000000000000000000
q0q3_299, 3.60000000000000000000, 3.80000000000000000000, 3.80000000000000000000, 4.00000000000000000000
q0q3_300, 3.60000000000000000000, 3.80000000000000000000, 4.00000000000000000000, 4.20000000000000000000
q0q3_301, 3.60000000000000000000, 3.80000000000000000000, 4.20000000000000000000, 4.40000000000000000000
q0q3_302, 3.60000000000000000000, 3.80000000000000000000, 4.40000000000000000000, 4.60000000000000000000
q0q3_303, 3.60000000000000000000, 3.80000000000000000000, 4.60000000000000000000, 4.80000000000000000000
q0q3_304, 3.60000000000000000000, 3.80000000000000000000, 4.80000000000000000000, 5.00000000000000000000
q0q3_305, 3.80000000000000000000, 4.00000000000000000000, 3.80000000000000000000, 4.00000000000000000000
q0q3_306, 3.80000000000000000000, 4.00000000000000000000, 4.00000000000000000000, 4.20000000000000000000
q0q3_307, 3.80000000000000000000, 4.00000000000000000000, 4.20000000000000000000, 4.40000000000000000000
q0q3_308, 3.80000000000000000000, 4.00000000000000000000, 4.40000000000000000000, 4.60000000000000000000
q0q3_309, 3.80000000000000000000, 4.00000000000000000000, 4.60000000000000000000, 4.80000000000000000000
q0q3_310, 3.80000000000000000000, 4.00000000000000000000, 4.80000000000000000000, 5.00000000000000000000
q0q3_311, 4.00000000000000000000, 4.20000000000000000000, 4.00000000000000000000, 4.20000000000000000000
q0q3_312, 4.00000000000000000000, 4.20000000000000000000, 4.20000000000000000000, 4.40000000000000000000
q0q3_313, 4.00000000000000000000, 4.20000000000000000000, 4.40000000000000000000, 4.60000000000000000000
q0q3_314, 4.00000000000000000000, 4.20000000000000000000, 4.60000000000000000000, 4.80000000000000000000
q0q3_315, 4.00000000000000000000, 4.20000000000000000000, 4.80000000000000000000, 5.00000000000000000000
q0q3_316, 4.20000000000000000000, 4.40000000000000000000, 4.20000000000000000000, 4.40000000000000000000
q0q3_317, 4.20000000000000000000, 4.40000000000000000000, 4.40000000000000000000, 4.60000000000000000000
q0q3_318, 4.20000000000000000000, 4.40000000000000000000, 4.60000000000000000000, 4.80000000000000000000
q0q3_319, 4.20000000000000000000, 4.40000000000000000000, 4.80000000000000000000, 5.00000000000000000000
q0q3_320, 4.40000000000000000000, 4.60000000000000000000, 4.40000000000000000000, 4.60000000000000000000
q0q3_321, 4.40000000000000000000, 4.60000000000000000000, 4.60000000000000000000, 4.80000000000000000000
q0q3_322, 4.40000000000000000000, 4.60000000000000000000, 4.80000000000000000000, 5.00000000000000000000
q0q3_323, 4.60000000000000000000, 4.80000000000000000000, 4.60000000000000000000, 4.80000000000000000000
q0q3_324, 4.60000000000000000000, 4.80000000000000000000, 4.80000000000000000000, 5.00000000000000000000
q0q3_325, 4.80000000000000000000, 5.00000000000000000000, 4.80000000000000000000, 5.00000000000000000000
